const pathsData = [
    {
      id: "c",
      d: "M3578 2884 c-4 -4 -30 -11 -58 -15 -53 -8 -206 -78 -249 -114 -14 -12 -34 -26 -45 -32 -39 -21 -137 -129 -176 -193 -153 -253 -144 -569 23 -825 67 -103 240 -235 365 -280 167 -59 361 -52 530 18 150 62 252 140 268 203 12 45 -15 113 -55 140 -33 22 -41 23 -94 14 -40 -6 -70 -19 -97 -40 -97 -77 -236 -115 -365 -99 -83 10 -126 28 -217 88 -80 52 -134 120 -172 215 -26 64 -28 78 -24 180 5 126 23 183 90 274 41 55 136 137 178 153 14 5 34 14 45 19 30 15 196 28 230 18 16 -4 41 -8 55 -9 29 0 81 -26 185 -91 92 -58 139 -63 188 -22 31 26 57 80 57 119 0 54 -82 130 -215 197 -99 51 -114 57 -170 69 -61 14 -267 23 -277 13z"
    },
    {
      id: "l1",
      d: "M4472 3438 c-13 -6 -33 -30 -45 -52 -21 -41 -21 -42 -21 -982 0 -881 1 -943 17 -968 10 -15 30 -32 45 -37 35 -14 125 -14 151 1 54 29 52 -21 52 1013 -1 525 -3 961 -6 969 -3 8 -20 25 -38 38 -36 27 -118 37 -155 18z"
    },
    {
      id: "l2",
      d: "M5020 2881 c-19 -10 -45 -37 -57 -59 l-23 -42 2 -654 3 -654 31 -38 c17 -21 44 -42 60 -46 44 -12 121 11 150 45 l24 29 0 676 0 677 -25 28 c-14 15 -32 27 -39 27 -8 0 -19 7 -26 15 -17 20 -58 19 -100 -4z"
    },
    {
      id: "dot",
      d: "M5013 3237 c-12 -7 -34 -28 -49 -47 -34 -46 -29 -106 13 -158 27 -34 35 -37 87 -40 61 -3 116 20 136 58 17 31 11 122 -8 146 -41 49 -129 69 -179 41z"
    },
    {
      id: "extra1",
      d: "M6095 2870 c-178 -21 -397 -156 -518 -321 -15 -19 -38 -66 -53 -105 -26 -68 -31 -85 -53 -192 -7 -35 -11 -262 -11 -654 l-1 -600 23 -41 c13 -23 36 -48 51 -55 43 -21 108 -6 151 33 l36 33 0 281 c0 277 0 281 21 281 11 0 35 -11 52 -24 102 -76 212 -107 387 -107 208 -1 340 43 485 160 82 66 103 88 152 161 83 122 112 212 120 380 9 193 -26 310 -143 476 -40 57 -119 132 -189 179 -47 32 -151 85 -167 85 -8 0 -28 6 -44 14 -36 18 -205 27 -299 16z m243 -280 c9 -5 44 -21 76 -36 41 -19 82 -50 130 -99 63 -64 75 -83 100 -154 53 -153 36 -296 -51 -423 -54 -80 -111 -133 -181 -167 -26 -13 -55 -28 -65 -33 -34 -17 -228 -11 -287 8 -151 49 -273 170 -316 312 -26 86 -23 213 8 288 51 126 184 268 271 289 15 4 30 11 33 16 7 12 260 11 282 -1z"
    },
    {
      id: "extra2",
      d: "M7705 2871 c-221 -29 -465 -208 -555 -406 -12 -27 -27 -58 -32 -69 -13 -25 -28 -104 -38 -206 -5 -47 -9 -336 -8 -642 l0 -558 29 -39 c36 -51 62 -64 108 -57 61 11 90 27 111 61 19 30 20 49 20 305 l0 272 28 -7 c15 -3 34 -12 42 -20 21 -18 133 -75 147 -75 7 0 33 -7 59 -16 33 -11 85 -16 185 -16 137 0 205 11 284 47 17 8 46 20 65 28 32 13 128 81 188 132 43 37 129 159 155 220 49 117 60 173 61 300 0 146 -15 212 -84 350 -55 110 -120 188 -210 252 -67 48 -177 105 -245 127 -59 19 -225 28 -310 17z m262 -287 c91 -40 110 -52 176 -114 55 -51 77 -81 104 -138 32 -71 33 -77 33 -200 0 -139 -8 -166 -71 -259 -47 -68 -77 -99 -134 -137 -66 -43 -135 -64 -236 -72 -75 -6 -93 -4 -165 20 -138 46 -226 128 -296 275 -56 119 -48 273 20 386 78 129 119 169 230 225 53 27 65 29 179 30 92 0 132 -4 160 -16z"
    },
  ];